N 12
-0.00161879 0.43126 -0.333325 -0.00236866 0.977809 -0.209483 -0.00292985 0.209476 0.977809 0.999993 0.00292985 0.00236866 0.499369 0.0734287 0.979701
-0.001843 -0.126335 0.075484 1 0 0 0 1 0 0 0 1 0.934776 0.264636 0.923762
0.423362 0.198201 -0.328155 1 0 0 0 1 0 0 0 1 0.11445 0.585752 0.098574
-0.433395 0.205672 -0.327813 1 0 0 0 1 0 0 0 1 0.113975 0.539995 0.096713
0.449296 0.187276 0.0840143 0.995782 0.0916811 -0.00354285 -0.0916811 0.992806 -0.0770083 -0.00354285 0.0770083 0.997024 0.117603 0.127876 0.797023
-0.447613 0.178856 0.088753 1 0 0 0 1 0 0 0 1 0.120741 0.164538 0.780074
0.41925 0.0676995 0.398201 1 0 0 0 1 0 0 0 1 0.092566 0.194731 0.108621
-0.429996 0.078101 0.396288 1 0 0 0 1 0 0 0 1 0.078458 0.20696 0.105111
-0.428729 -0.494618 0.432609 1 0 0 0 1 0 0 0 1 0.081004 0.616912 0.119721
0.430024 -0.496865 0.439518 0.00832117 0.996996 -0.0770069 0.121727 0.0754269 0.989694 0.992529 -0.0176092 -0.120734 0.616524 0.0843679 0.0799655
0.426318 -0.513732 -0.361892 1 0 0 0 1 0 0 0 1 0.078469 0.578762 0.104652
-0.429469 -0.521553 -0.360564 1 0 0 0 1 0 0 0 1 0.079524 0.56304 0.106941
C 23
0 2
0 3
0 4
0 5
0 1
1 3
1 6
1 11
1 2
1 5
1 10
1 4
1 9
1 8
1 7
2 10
2 4
3 11
3 5
4 6
5 7
6 9
7 8
S 5
2
2 0.423362 0.198201 -0.328155
3 -0.433395 0.205672 -0.327813
2
-0.00501625 0.201936 -0.327984
-0.999962 0.00871918 0.000398581
2
4 0.449296 0.187276 0.0840143
5 -0.447613 0.178856 0.088753
2
0.000841311 0.183066 0.0863837
-0.999942 -0.00938759 0.00528304
2
6 0.41925 0.0676995 0.398201
7 -0.429996 0.078101 0.396288
2
-0.005373 0.0729002 0.397245
-0.999922 0.012247 -0.00225359
2
8 -0.428729 -0.494618 0.432609
9 0.430024 -0.496865 0.439518
2
0.000647429 -0.495741 0.436064
0.999964 -0.00261601 0.00804447
2
10 0.426318 -0.513732 -0.361892
11 -0.429469 -0.521553 -0.360564
2
-0.00157575 -0.517643 -0.361228
-0.999957 -0.00913857 0.00155114
L 12
0
1
0
0
3
3
3
3
2
2
2
2