N 13
0.010407 0.196873 -0.23552 1 0 0 0 1 0 0 0 1 0.944358 0.932656 0.565782
0.497013 0.123841 0.202178 -0.152581 0.0038735 -0.988283 0.988265 -0.00664963 -0.152604 -0.00716283 -0.99997 -0.00281344 0.357785 0.0405612 0.785478
-0.478112 0.126066 0.175995 -0.0109508 0.999538 0.0283449 0.990973 0.00706062 0.133873 0.133611 0.0295551 -0.990593 0.794411 0.0473559 0.430741
0.009241 -0.154172 0.0389975 1 0 0 0 1 0 0 0 1 1.0537 0.376445 0.902449
0.521114 0.475117 0.24769 0.473018 -0.825303 -0.30843 0.867429 0.49756 -0.00106548 0.154342 -0.267037 0.951247 0.0618447 0.0621543 0.421413
-0.50467 0.478973 0.230955 0.179232 0.23872 -0.954405 0.973849 -0.180727 0.137679 -0.13962 -0.954123 -0.264869 0.462661 0.0765775 0.0644933
0.535994 0.05604 0.408193 1 0 0 0 1 0 0 0 1 0.059795 0.743998 0.06199
-0.517489 0.055787 0.408201 1 0 0 0 1 0 0 0 1 0.059749 0.743492 0.061974
-0.300124 -0.495094 -0.251244 1 0 0 0 1 0 0 0 1 0.104476 0.456643 0.132286
0.318806 -0.495094 -0.251244 1 0 0 0 1 0 0 0 1 0.104475 0.456642 0.132286
0.510256 -0.54428 0.410006 1 0 0 0 1 0 0 0 1 0.155378 0.456642 0.132286
-0.491774 -0.54428 0.410006 1 0 0 0 1 0 0 0 1 0.155378 0.456642 0.132286
0.0258562 0.608812 -0.235859 -0.998643 0.0115527 -0.0507751 -0.0023389 0.964144 0.265371 0.0520202 0.26513 -0.962808 1.02674 0.0571839 0.597246
C 32
0 3
0 4
0 12
0 5
0 8
0 1
0 9
0 2
1 3
1 6
1 10
1 4
1 9
1 12
2 8
2 12
2 5
2 3
2 7
2 11
3 11
3 7
3 10
3 6
3 9
3 8
4 12
4 6
5 12
5 7
6 10
7 11
S 4
2
1 0.497013 0.123841 0.202178
2 -0.478112 0.126066 0.175995
2
0.00945062 0.124953 0.189087
-0.999637 0.00228138 -0.0268418
2
6 0.535994 0.05604 0.408193
7 -0.517489 0.055787 0.408201
2
0.009252 0.0559135 0.408197
-1 -0.000240156 7.59386e-06
2
8 -0.300124 -0.495094 -0.251244
9 0.318806 -0.495094 -0.251244
2
0.00934075 -0.495094 -0.251244
1 -8.07846e-07 0
2
10 0.510256 -0.54428 0.410006
11 -0.491774 -0.54428 0.410006
2
0.009241 -0.54428 0.410006
-1 0 0
L 13
0
3
3
1
3
3
3
3
2
2
2
2
0