N 13
0.00991451 0.46972 -0.295998 0.999794 -0.0154827 -0.0130959 0.0154827 0.165755 0.986045 -0.0130959 -0.986045 0.165961 0.954369 0.219906 0.839305
0.0649798 -0.413116 0.0374979 0.951056 -0.00111315 -0.309015 0.000103218 0.999995 -0.00328456 0.309017 0.00309191 0.951051 1.18754 0.440838 1.23676
-0.600027 -0.687774 -0.173482 1 0 0 0 1 0 0 0 1 0.087613 0.115721 0.117963
-0.368632 -0.6884 0.538758 0.0514519 0.995672 -0.0773926 0.998434 -0.0495813 0.0259025 0.0219532 -0.0786041 -0.996664 0.11696 0.0901083 0.115229
0.379678 -0.687777 0.539161 1 0 0 0 1 0 0 0 1 0.087603 0.115713 0.119514
0.611096 -0.686657 -0.172719 1 0 0 0 1 0 0 0 1 0.087769 0.116354 0.114938
0.005678 -0.687774 -0.612341 1 0 0 0 1 0 0 0 1 0.08813 0.118585 0.115692
0.005662 0.026159 0.131695 1 0 0 0 1 0 0 0 1 0.964684 0.430616 0.901536
-0.336112 -0.507854 -0.0585985 0.910469 0.29568 0.28917 -0.29568 -0.023503 0.954998 0.28917 -0.954998 0.0660278 0.639389 0.0802369 0.128064
-0.211332 -0.50297 0.341855 0.574389 0.273624 -0.771497 0.799811 0.013081 0.600109 0.174296 -0.961748 -0.211334 0.635869 0.0909752 0.126281
0.222705 -0.50848 0.346139 -0.570912 0.286287 -0.76948 0.794169 -0.0451282 -0.60602 -0.208221 -0.957081 -0.201596 0.621636 0.0825871 0.127068
0.345826 -0.503108 -0.0635213 0.914249 -0.276259 -0.296361 0.326055 0.0674946 0.942938 -0.240492 -0.95871 0.151783 0.64333 0.0790293 0.128364
0.00652484 -0.51242 -0.303255 -0.0108822 -0.304628 -0.952409 0.998796 -0.0488843 0.00422347 -0.0478445 -0.951216 0.304793 0.643865 0.108009 0.13052
C 28
0 7
0 1
1 3
1 6
1 11
1 2
1 5
1 10
1 4
1 9
1 12
1 8
1 7
2 8
3 9
4 10
5 11
6 12
8 9
8 10
8 11
8 12
9 11
9 10
9 12
10 11
10 12
11 12
S 2
5
5 0.611096 -0.686657 -0.172719
6 0.005678 -0.687774 -0.612341
2 -0.600027 -0.687774 -0.173482
3 -0.368632 -0.6884 0.538758
4 0.379678 -0.687777 0.539161
3
0.00555847 -0.687676 0.0238756
-0.000897161 0.999999 0.000536982
5
10 0.222705 -0.50848 0.346139
9 -0.211332 -0.50297 0.341855
8 -0.336112 -0.507854 -0.0585985
12 0.00652484 -0.51242 -0.303255
11 0.345826 -0.503108 -0.0635213
3
0.00552239 -0.506966 0.0525239
-0.00139636 0.999973 -0.00715605
L 13
0
2
2
2
2
2
2
1
2
2
2
2
2