N 7
-0.0041715 0.581628 -0.34009 1 0 0 0 1 0 0 0 1 0.860315 0.294564 0.232619
-0.0041715 -0.054058 0.0904205 1 0 0 0 1 0 0 0 1 0.860315 0.114086 0.916421
-0.00176453 0.161461 -0.412541 0.999904 -0.0105109 -0.00905328 0.0105109 0.148132 0.988912 -0.00905328 -0.988912 0.148228 0.162319 0.0743689 0.555594
-0.41455 -0.347881 0.51289 0.718863 -0.217979 -0.660091 0.676751 0.00241634 0.736208 -0.158883 -0.97595 0.149255 0.0783874 0.0635549 0.659593
0.410484 -0.34788 0.51289 -0.450156 -0.170247 -0.87657 0.882549 0.0645633 -0.465766 0.13589 -0.983284 0.121188 0.0733676 0.0634963 0.659206
0.410484 -0.34788 -0.189041 -0.157088 0.977386 0.141559 0.456462 -0.0552527 0.888026 0.875766 0.204115 -0.43746 0.659285 0.0635263 0.0743701
-0.420498 -0.34788 -0.189041 0.14377 0.980416 0.134594 -0.242199 -0.097011 0.965364 0.959515 -0.171389 0.223509 0.658402 0.0635818 0.0643639
C 6
0 2
1 2
1 3
1 4
1 5
1 6
S 1
2
5 0.410484 -0.34788 -0.189041
6 -0.420498 -0.34788 -0.189041
2
-0.0050065 -0.34788 -0.189041
-1 7.93886e-08 6.56104e-08
L 7
0
1
0
2
2
2
2