N 11
0.014201 0.634415 -0.296389 -0.003803 0.865875 -0.500246 -0.00658909 0.500217 0.865875 0.999971 0.00658909 0.003803 0.363867 0.0871481 0.822203
0.0102735 0.112569 -0.186055 1 0 0 0 1 0 0 0 1 0.627083 0.067274 0.047196
0.00790706 -0.646672 -0.279387 0.999945 -0.00710487 -0.00767262 0.00710487 -0.0767516 0.997025 -0.00767262 -0.997025 -0.0766969 0.629894 0.0502269 0.121667
0.0141359 -0.53705 0.339711 0.999978 -0.00570959 -0.00335405 0.00570959 0.486874 0.873453 -0.00335405 -0.873453 0.486896 0.818712 0.0578788 0.0963665
0.0102558 0.0358101 0.191986 0.999989 0.00458324 -0.000352847 -0.00458324 0.988206 -0.153065 -0.000352847 0.153065 0.988216 0.801597 0.137141 0.696264
0.427963 0.423702 -0.188483 -0.00074004 -0.455972 -0.889994 0.999994 0.00272392 -0.00222706 0.00343975 -0.88999 0.455967 0.103331 0.0713526 0.845234
-0.40771 0.429965 -0.192682 0.00398977 0.881133 -0.472852 0.999653 -0.0158322 -0.0210676 -0.0260496 -0.472604 -0.88089 0.831085 0.0748496 0.102049
-0.345945 -0.218716 -0.226634 -0.999224 0.0136474 -0.0369398 -0.0383196 -0.120725 0.991946 0.00907788 0.992592 0.121154 0.1263 0.046617 1.13606
0.371473 -0.218336 -0.226863 0.998634 8.04755e-05 -0.0522452 0.051868 -0.121482 0.991238 -0.00626708 -0.992594 -0.12132 0.111125 0.0470876 1.13636
0.422652 -0.357983 0.22196 0.00582252 0.882085 -0.471054 0.999679 -0.0167559 -0.0190201 -0.0246702 -0.470792 -0.881899 1.00431 0.0851242 0.102257
-0.407342 -0.352154 0.218135 -0.0847074 -0.472988 -0.876987 0.996405 -0.0410134 -0.0741221 -0.000909305 -0.880114 0.474762 0.109071 0.078933 1.01878
C 27
0 7
0 5
0 8
0 6
1 6
1 5
1 10
1 4
1 9
1 8
1 7
2 8
2 7
3 10
3 9
4 7
4 8
4 9
4 10
4 5
4 6
5 9
5 8
6 7
6 10
7 10
8 9
S 4
2
2 0.00790706 -0.646672 -0.279387
3 0.0141359 -0.53705 0.339711
2
0.0110215 -0.591861 0.030162
0.00990658 0.174347 0.984634
2
5 0.427963 0.423702 -0.188483
6 -0.40771 0.429965 -0.192682
2
0.0101264 0.426834 -0.190582
-0.999959 0.00749424 -0.00502465
2
7 -0.345945 -0.218716 -0.226634
8 0.371473 -0.218336 -0.226863
2
0.0127636 -0.218526 -0.226749
1 0.0005295 -0.000319472
2
9 0.422652 -0.357983 0.22196
10 -0.407342 -0.352154 0.218135
2
0.00765522 -0.355068 0.220048
-0.999965 0.00702256 -0.00460872
L 11
0
2
2
2
1
0
0
2
2
2
2