N 9
-0.00341477 0.196083 -0.313061 0.999997 -0.00218809 -0.00140281 0.00218809 0.417409 0.908716 -0.00140281 -0.908716 0.417412 0.931811 0.242266 0.827983
0.001707 0.671455 -0.569117 1 0 0 0 1 0 0 0 1 0.827766 0.265932 0.027247
-0.00379963 -0.164506 0.227968 1 0.000590616 5.37376e-05 -0.000590616 0.983579 0.180478 5.37376e-05 -0.180478 0.983579 0.931733 0.289735 1.052
0.398386 0.210056 -0.481574 -0.0275322 -0.427046 -0.903811 0.999604 -0.0170218 -0.0224076 -0.00581538 -0.90407 0.427345 0.158613 0.0395475 0.70583
-0.392858 0.196673 -0.467403 -0.00709445 -0.45991 -0.887937 0.999975 -0.00257345 -0.00665668 0.000776415 -0.887962 0.459917 0.173352 0.0391618 0.737113
-0.39505 -0.418684 0.614484 0.00370185 0.994831 -0.101475 0.99999 -0.00340902 0.00305894 0.0026972 -0.101485 -0.994833 0.635571 0.0357341 0.192857
0.400232 -0.425653 0.61919 -0.00279554 -0.0548963 -0.998488 0.999988 -0.00427942 -0.00256446 -0.00413217 -0.998483 0.0549075 0.185013 0.0362633 0.629055
0.399877 -0.39176 0.134554 3.48766e-09 -0.587785 -0.809017 1 -1.88044e-07 1.40933e-07 -2.34969e-07 -0.809017 0.587785 0.98958 0.055073 0.192576
-0.395539 -0.39176 0.134554 -3.48759e-09 -0.587785 -0.809017 1 1.88044e-07 -1.40933e-07 2.34969e-07 -0.809017 0.587785 0.98958 0.055073 0.192576
C 16
0 1
0 7
0 4
0 3
0 8
0 2
1 3
1 4
2 7
2 6
2 8
2 4
2 3
2 5
5 8
6 7
S 3
2
3 0.398386 0.210056 -0.481574
4 -0.392858 0.196673 -0.467403
2
0.00276389 0.203364 -0.474488
-0.999697 -0.016909 0.017904
2
5 -0.39505 -0.418684 0.614484
6 0.400232 -0.425653 0.61919
2
0.0025909 -0.422169 0.616837
0.999944 -0.00876198 0.00591708
2
7 0.399877 -0.39176 0.134554
8 -0.395539 -0.39176 0.134554
2
0.002169 -0.39176 0.134554
-1 5.88399e-08 -6.14375e-08
L 9
0
0
1
0
0
2
2
2
2