N 11
-0.000994471 0.294431 -0.408567 1 7.71645e-05 4.39178e-05 -7.71645e-05 0.510658 0.859784 4.39178e-05 -0.859784 0.510658 0.966411 0.115977 0.836024
0.504452 0.0909132 0.469959 0.999997 0.00262291 -0.000213883 -0.00262291 0.986785 -0.162011 -0.000213883 0.162011 0.986789 0.0539719 0.0592898 0.294691
-0.506484 0.0891611 0.467587 0.999757 -0.0220043 0.00160768 0.0220043 0.989138 -0.145331 0.00160768 0.145331 0.989382 0.0550038 0.0650328 0.301188
-0.000989635 -0.0526174 0.265016 1 0.000146893 -1.95996e-05 -0.000146893 0.965017 -0.262188 -1.95996e-05 0.262188 0.965017 1.0692 0.167803 0.759825
-0.45561 0.215487 -0.331296 -0.0926557 -0.564886 -0.81995 0.995696 -0.0509577 -0.0774091 0.00194455 -0.823594 0.567177 0.110535 0.0631233 1.04145
0.452311 0.215199 -0.331626 -0.00346865 0.822081 -0.569361 0.995473 -0.0512403 -0.0800487 -0.0949807 -0.567061 -0.818181 1.04143 0.064176 0.10986
-0.0009955 -0.546241 0.453816 1 0 0 0 1 0 0 0 1 0.856717 0.034474 0.036239
-0.50516 -0.391338 -0.362574 0.129099 0.764416 -0.631666 0.991588 -0.093542 0.0894594 0.00929696 -0.637901 -0.770062 0.101649 0.0669868 0.74037
0.50478 -0.392196 -0.354291 0.00456367 -0.65638 -0.754417 0.999778 -0.0125395 0.0169579 -0.0205909 -0.754327 0.656176 0.752753 0.0577729 0.107074
-0.454268 -0.425152 0.298402 -0.866413 -0.418017 -0.273112 -0.499312 0.721055 0.480382 -0.00387944 0.552578 -0.833452 0.0882596 0.0999759 0.789304
0.45266 -0.424079 0.296338 -0.94557 -0.268745 -0.183502 -0.325402 0.786462 0.524967 0.00323462 0.556105 -0.831106 0.0753223 0.0987826 0.793947
C 23
0 7
0 10
0 3
0 4
0 5
0 8
0 9
1 3
2 3
3 7
3 10
3 9
3 5
3 8
3 4
4 7
4 9
5 8
5 10
6 9
6 10
7 9
8 10
S 3
2
1 0.504452 0.0909132 0.469959
2 -0.506484 0.0891611 0.467587
2
-0.00101615 0.0900372 0.468773
-0.999996 -0.00173319 -0.00234588
2
4 -0.45561 0.215487 -0.331296
5 0.452311 0.215199 -0.331626
2
-0.00164987 0.215343 -0.331461
1 -0.00031705 -0.000363244
2
7 -0.50516 -0.391338 -0.362574
8 0.50478 -0.392196 -0.354291
2
-0.000189649 -0.391767 -0.358432
0.999966 -0.000849913 0.00820064
L 11
0
3
3
1
0
0
2
2
2
2
2