N 13
0.00261 0.214945 -0.369529 1 8.47296e-09 7.40665e-09 -8.47296e-09 0.133696 0.991022 7.40665e-09 -0.991022 0.133696 0.91771 0.252028 1.11633
0.441964 0.0132843 -0.0172486 -0.0028763 -0.158157 -0.98741 0.999972 -0.00726805 -0.00174874 -0.00689997 -0.987387 0.158174 0.853705 0.11714 0.684892
-0.429112 0.0129681 -0.0175762 0.00192241 -0.155866 -0.987776 0.999962 0.00872204 0.000569837 0.00852661 -0.98774 0.155876 0.854376 0.116476 0.684262
0.00515527 -0.13923 0.275646 0.999999 -0.00122639 6.22421e-06 0.00122639 0.999948 -0.0101502 6.22421e-06 0.0101502 0.999948 0.877543 0.271678 1.26457
0.00227 -0.340607 0.0466015 1 0 0 0 1 0 0 0 1 0.745866 0.041727 0.043875
0.380104 -0.50286 0.520836 0.707107 7.66713e-17 -0.707107 2.59275e-18 1 1.11022e-16 0.707107 -8.0338e-17 0.707107 0.105949 0.027421 0.105949
0.380104 -0.50286 -0.429725 0.707107 7.66713e-17 -0.707107 2.59275e-18 1 1.11022e-16 0.707107 -8.0338e-17 0.707107 0.105949 0.027421 0.105949
-0.371096 -0.50286 -0.429725 0.707107 -7.94139e-17 -0.707107 1.28593e-18 1 -1.11022e-16 0.707107 7.75953e-17 0.707107 0.105949 0.027421 0.105949
-0.371096 -0.50286 0.520836 0.707107 -9.09291e-19 -0.707107 1.28593e-18 1 0 0.707107 -9.09291e-19 0.707107 0.105949 0.027421 0.105949
-0.371226 -0.404587 -0.237409 -0.00299223 -0.36949 -0.92923 0.999682 0.0221714 -0.0120351 0.0250492 -0.92897 0.369306 0.481909 0.0240624 0.0599061
-0.371105 -0.397484 0.271743 -0.00646978 -0.966296 -0.257353 0.999979 -0.00629373 -0.0015078 -0.000162729 -0.257357 0.966316 0.0859221 0.022626 0.595499
0.379951 -0.40466 -0.244385 -0.021878 0.929568 -0.368001 0.999757 0.0193478 -0.0105639 -0.00269982 -0.368143 -0.929765 0.054994 0.0238231 0.468863
0.38026 -0.395648 0.262689 -0.0173003 -0.967482 -0.252347 0.999848 -0.0161624 -0.00658166 0.0022891 -0.252422 0.967614 0.0874633 0.0237754 0.613699
C 41
0 2
0 7
0 10
0 3
0 11
0 4
0 12
0 1
0 6
0 9
1 3
1 6
1 11
1 5
1 4
1 12
2 8
2 9
2 10
2 3
2 7
2 4
3 11
3 7
3 10
3 6
3 9
3 5
3 12
3 8
3 4
4 12
4 9
4 10
4 11
5 12
6 11
7 9
8 10
9 10
11 12
S 5
2
1 0.441964 0.0132843 -0.0172486
2 -0.429112 0.0129681 -0.0175762
2
0.00642616 0.0131262 -0.0174124
-1 -0.000363041 -0.000376064
2
5 0.380104 -0.50286 0.520836
8 -0.371096 -0.50286 0.520836
2
0.0045035 -0.50286 0.520836
-1 0 0
2
6 0.380104 -0.50286 -0.429725
7 -0.371096 -0.50286 -0.429725
2
0.0045035 -0.50286 -0.429725
-1 0 0
2
9 -0.371226 -0.404587 -0.237409
11 0.379951 -0.40466 -0.244385
2
0.00436265 -0.404623 -0.240897
0.999957 -9.78231e-05 -0.00928693
2
10 -0.371105 -0.397484 0.271743
12 0.38026 -0.395648 0.262689
2
0.00457732 -0.396566 0.267216
0.999924 0.00244342 -0.0120495
L 13
0
3
3
1
2
2
2
2
2
2
2
2
2