N 15
0.00139151 0.254953 -0.369013 0.00121653 0.919631 -0.392782 0.00184243 0.39278 0.919631 0.999998 -0.00184243 -0.00121653 0.811777 0.203815 0.975516
0.49694 0.137935 0.0325183 0.244462 0.963065 -0.112889 0.966855 -0.250945 -0.0470971 -0.0736865 -0.0976338 -0.992491 0.525987 0.189893 0.799232
-0.497176 0.130285 0.0394483 -0.243306 0.968152 -0.0590313 0.967327 0.24667 0.0585858 0.0712812 -0.0428483 -0.996536 0.508805 0.189033 0.848757
-0.257185 -0.604304 -0.158455 -0.0783329 -0.993625 0.0810728 0.912246 -0.104241 -0.396158 0.402084 0.0429261 0.914596 0.0939747 0.0783094 0.0960159
0.51291 -0.604394 0.399668 0.0391862 0.999065 -0.0182731 -0.2257 0.0266642 0.973832 0.973408 -0.0340366 0.226534 0.0905497 0.0644804 0.0915786
0.0384875 -0.605009 0.744287 1 0 0 0 1 0 0 0 1 0.056477 0.087282 0.088565
-0.435763 -0.60425 0.399636 0.974888 0.0421361 -0.218674 0.217814 0.0240783 0.975693 0.0463772 -0.998822 0.0142958 0.0916185 0.0649217 0.0908891
0.334509 -0.604602 -0.158965 0.391285 -0.0187394 -0.920079 0.915442 0.110199 0.387068 0.0941386 -0.993733 0.0602741 0.0974471 0.0793215 0.0930138
0.047946 -0.309217 0.243555 1 0 0 0 1 0 0 0 1 0.136346 0.381346 0.125707
0.0380448 -0.472615 0.533799 -0.00245412 0.153678 -0.988118 0.999994 -0.00196904 -0.00278985 -0.00237438 -0.988119 -0.153672 0.520335 0.0549803 0.105863
-0.242971 -0.473471 0.335448 0.938552 0.155426 -0.308159 0.309948 0.0132074 0.950662 0.151827 -0.987759 -0.0357781 0.508852 0.0571325 0.106606
-0.13502 -0.472383 0.0056743 -0.582665 -0.164017 -0.79599 0.804193 0.0250836 -0.593838 0.117366 -0.986138 0.117286 0.511359 0.0563189 0.107414
0.213057 -0.473664 0.00549228 0.57794 -0.158719 -0.800496 0.810368 -0.00423021 0.585906 -0.0963806 -0.987315 0.126176 0.509138 0.0566535 0.10825
0.314693 -0.470269 0.336413 -0.940092 0.170981 -0.294944 -0.294794 0.0268558 0.955183 0.171239 0.984908 0.0251572 0.520104 0.0570132 0.10689
0.00140799 -0.108996 0.179874 1 0.000683692 -6.56626e-06 -0.000683692 0.999815 -0.0192064 -6.56626e-06 0.0192064 0.999816 1.07909 0.0959382 0.869583
C 27
0 14
0 1
0 2
1 14
1 8
2 14
3 11
4 13
5 9
6 10
7 12
8 13
8 9
8 14
8 10
8 11
8 12
9 11
9 10
9 13
9 12
10 11
10 12
10 13
11 13
11 12
12 13
S 3
2
1 0.49694 0.137935 0.0325183
2 -0.497176 0.130285 0.0394483
2
-0.000117935 0.13411 0.0359833
-0.999946 -0.00769519 0.00697065
5
5 0.0384875 -0.605009 0.744287
6 -0.435763 -0.60425 0.399636
3 -0.257185 -0.604304 -0.158455
7 0.334509 -0.604602 -0.158965
4 0.51291 -0.604394 0.399668
3
0.0385915 -0.604512 0.245234
6.80729e-05 -0.999997 -0.00239645
5
12 0.213057 -0.473664 0.00549228
13 0.314693 -0.470269 0.336413
9 0.0380448 -0.472615 0.533799
10 -0.242971 -0.473471 0.335448
11 -0.13502 -0.472383 0.0056743
3
0.0375608 -0.47248 0.243365
0.00306109 -0.999994 0.00151809
L 15
0
3
3
2
2
2
2
2
2
2
2
2
2
2
1