N 16
0.0034465 0.603854 -0.209506 1 0 0 0 1 0 0 0 1 0.713525 0.247751 0.191029
0.0044935 -0.664464 -0.182802 0.999934 0.0108837 0.00377288 -0.0108837 0.785384 0.618913 0.00377288 -0.618913 0.78545 0.577489 0.0488465 0.0516186
0.0044935 -0.277971 -0.182802 0.999977 0.00568365 0.00367589 -0.00568365 0.410141 0.912005 0.00367589 -0.912005 0.410164 0.577677 0.0489482 0.0541197
0.316343 -0.377135 0.134615 1 -4.14562e-07 -2.87228e-09 4.14562e-07 0.999904 0.0138563 -2.87228e-09 -0.0138563 0.999904 0.059461 0.0594607 0.63377
0.0044935 -0.664464 0.451442 0.999919 0.0124318 0.00289415 -0.0124318 0.897102 0.441648 0.00289415 -0.441648 0.897184 0.577415 0.0486026 0.0504644
0.00449351 -0.277972 0.451443 0.999926 0.0116713 0.00341493 -0.0116713 0.842213 0.539019 0.00341493 -0.539019 0.842287 0.577455 0.0489472 0.0512876
-0.317901 -0.377135 0.134615 1 -1.28836e-06 -8.92638e-09 1.28836e-06 0.999904 0.0138563 -8.92638e-09 -0.0138563 0.999904 0.059461 0.0594607 0.63377
0.0034465 -0.105531 0.0913815 1 0 0 0 1 0 0 0 1 0.713525 0.03964 0.792805
0.303416 0.26238 -0.206095 1 0 0 0 1 0 0 0 1 0.073981 0.696182 0.073981
0.104853 0.26238 -0.206078 1 0 0 0 1 0 0 0 1 0.073981 0.696182 0.073981
-0.0933485 0.26238 -0.206078 1 0 0 0 1 0 0 0 1 0.073981 0.696182 0.073981
-0.296505 0.26238 -0.206078 1 0 0 0 1 0 0 0 1 0.073981 0.696182 0.073981
0.320641 -0.482113 -0.186101 1 0 0 0 1 0 0 0 1 0.05946 0.713525 0.059461
-0.313675 -0.482113 -0.186101 1 0 0 0 1 0 0 0 1 0.059461 0.713525 0.059461
-0.313675 -0.482113 0.448144 1 0 0 0 1 0 0 0 1 0.059461 0.713525 0.059461
0.320641 -0.482113 0.448144 1 0 0 0 1 0 0 0 1 0.05946 0.713525 0.059461
C 47
0 10
0 11
0 8
0 9
1 3
1 6
1 13
1 12
2 8
2 12
2 9
2 13
2 6
2 10
2 3
2 7
2 11
3 15
3 7
3 5
3 12
3 4
4 14
4 6
4 15
5 6
5 15
5 7
5 14
6 14
6 7
6 13
7 12
7 11
7 15
7 10
7 14
7 8
7 9
7 13
8 9
8 12
9 10
9 12
10 11
10 13
11 13
S 5
2
3 0.316343 -0.377135 0.134615
6 -0.317901 -0.377135 0.134615
2
-0.0007785 -0.377135 0.134615
-1 -1.74959e-12 2.93643e-11
2
2 0.0044935 -0.277971 -0.182802
5 0.00449351 -0.277972 0.451443
2
0.0044935 -0.277972 0.13432
9.20023e-09 -7.88232e-07 1
4
8 0.303416 0.26238 -0.206095
9 0.104853 0.26238 -0.206078
10 -0.0933485 0.26238 -0.206078
11 -0.296505 0.26238 -0.206078
1
0 0 0
0 0 0
2
12 0.320641 -0.482113 -0.186101
13 -0.313675 -0.482113 -0.186101
2
0.00348275 -0.482113 -0.186101
-1 0 0
2
14 -0.313675 -0.482113 0.448144
15 0.320641 -0.482113 0.448144
2
0.00348275 -0.482113 0.448144
1 0 0
L 16
0
2
2
2
2
2
2
1
0
0
0
0
2
2
2
2