N 8
-0.00734505 0.555763 -0.28967 -0.00127097 0.974733 -0.223369 -0.00159517 0.223367 0.974733 0.999998 0.00159517 0.00127097 0.549383 0.175691 0.690053
-0.0077205 0.0205675 0.119087 1 0 0 0 1 0 0 0 1 0.713031 0.100245 0.713031
-0.00772 0.212972 -0.302017 1 0 0 0 1 0 0 0 1 0.150754 0.373621 0.052907
0.244826 -0.411204 0.375175 0.706084 -0.00202901 -0.708125 0.669379 0.328173 0.666509 0.231035 -0.944616 0.233076 0.057431 0.06733 0.867384
0.24482 -0.41352 -0.133802 -0.403658 0.14223 -0.903787 0.885844 0.307777 -0.347209 0.228781 -0.940768 -0.250231 0.0713325 0.0639217 0.863441
-0.2603 -0.408463 -0.132912 0.83956 -0.0717985 -0.538501 0.494354 -0.310081 0.812074 -0.225285 -0.947995 -0.224837 0.0620711 0.0614299 0.871906
-0.259147 -0.407336 0.372588 0.234606 0.944683 -0.229204 -0.233906 0.283717 0.929942 0.94353 -0.164558 0.287529 0.875127 0.063606 0.0582968
-0.00772 0.0241005 -0.0413105 1 0 0 0 1 0 0 0 1 0.150754 0.047671 0.519447
C 20
0 1
0 7
0 2
1 2
1 3
1 4
1 5
1 6
1 7
2 7
2 4
2 5
3 6
3 7
3 4
4 7
4 5
5 6
5 7
6 7
S 1
2
5 -0.2603 -0.408463 -0.132912
6 -0.259147 -0.407336 0.372588
2
-0.259724 -0.4079 0.119838
0.00228117 0.0022299 0.999995
L 8
0
1
0
2
2
2
2
0