N 15
0.0031535 0.702838 -0.229362 1 0 0 0 1 0 0 0 1 0.889349 0.090488 0.054982
0.00319969 -0.10186 0.142867 0.999993 0.00374439 1.09632e-05 -0.00374439 0.999976 0.0058557 1.09632e-05 -0.0058557 0.999983 0.850356 0.0998404 0.849905
0.403152 0.297838 -0.231767 1 0 0 0 1 0 0 0 1 0.060394 0.748748 0.06506
0.308137 0.306268 -0.230029 -0.99434 -0.00170334 -0.106228 -0.106222 -0.00317429 0.994337 -0.0020309 0.999994 0.00297539 0.0716831 0.0332894 0.765317
0.214956 0.315228 -0.229979 1 0 0 0 1 0 0 0 1 0.065992 0.785538 0.035851
0.116431 0.315757 -0.230433 1 0 0 0 1 0 0 0 1 0.069237 0.786556 0.034944
0.00321063 0.320923 -0.227616 0.00375766 0.999993 0.000754549 0.0037548 -0.000768659 0.999993 0.999986 -0.0037548 -0.00375766 0.797286 0.0400887 0.104562
-0.114721 0.317632 -0.231806 1 0 0 0 1 0 0 0 1 0.06002 0.78794 0.032196
-0.20778 0.315198 -0.229069 1 0 0 0 1 0 0 0 1 0.06713 0.785454 0.032233
-0.301079 0.307786 -0.227501 0.999869 -0.0115003 -0.0114261 0.0115003 0.00640731 0.999913 -0.0114261 -0.999913 0.00653873 0.0626526 0.0357305 0.771691
-0.39702 0.30289 -0.228652 1 0 0 0 1 0 0 0 1 0.068055 0.750699 0.058842
-0.375311 -0.43194 -0.236391 -0.716218 0.067354 -0.694619 -0.696383 -0.00388548 0.71766 0.0456384 0.997722 0.0496871 0.0956154 0.0947414 0.580629
0.39254 -0.425572 -0.236892 -0.582981 0.00650799 -0.81246 0.809084 0.0960619 -0.579789 0.0742732 -0.995354 -0.0612678 0.101489 0.0979103 0.593311
0.381467 -0.424836 0.532144 0.959748 0.0346168 -0.278722 0.274554 0.0935293 0.957012 0.0591974 -0.995015 0.0802604 0.0903705 0.0923287 0.594902
-0.380283 -0.4242 0.524597 -0.0737605 -0.995559 0.0585014 0.937547 -0.0892196 -0.336222 0.339948 0.0300479 0.939964 0.596605 0.0976654 0.0956146
C 49
0 7
0 10
0 3
0 4
0 5
0 8
0 6
0 9
0 2
1 3
1 6
1 11
1 2
1 14
1 5
1 10
1 13
1 4
1 9
1 12
1 8
1 7
2 12
2 5
2 4
2 3
3 6
3 5
3 12
3 4
4 12
4 5
4 6
5 6
5 12
5 7
6 9
6 7
6 8
7 11
7 10
7 8
7 9
8 9
8 10
8 11
9 11
9 10
10 11
S 5
2
10 -0.39702 0.30289 -0.228652
2 0.403152 0.297838 -0.231767
2
0.00306575 0.300364 -0.23021
0.999972 -0.00631409 -0.0038928
2
9 -0.301079 0.307786 -0.227501
3 0.308137 0.306268 -0.230029
2
0.00352862 0.307027 -0.228765
0.999988 -0.002492 -0.00414895
2
8 -0.20778 0.315198 -0.229069
4 0.214956 0.315228 -0.229979
2
0.003588 0.315213 -0.229523
0.999998 7.09661e-05 -0.00215264
2
7 -0.114721 0.317632 -0.231806
5 0.116431 0.315757 -0.230433
2
0.00085525 0.316694 -0.23112
0.999949 -0.00811112 0.0059395
2
11 -0.375311 -0.43194 -0.236391
12 0.39254 -0.425572 -0.236892
2
0.00861468 -0.428756 -0.236642
0.999965 0.00829219 -0.000652551
L 15
0
1
0
0
0
0
0
0
0
0
0
2
2
2
2