N 7
0.00484873 0.299456 -0.237014 0.999998 -0.00134167 -0.00115535 0.00134167 0.148404 0.988926 -0.00115535 -0.988926 0.148406 0.784314 0.173046 0.983176
0.005442 -0.155647 0.225675 1 0 0 0 1 0 0 0 1 0.755664 0.18461 0.728951
0.347037 -0.525744 0.556952 -0.00255661 -0.998929 -0.0461977 0.998293 0.00014594 -0.0584018 0.058346 -0.0462681 0.997224 0.589267 0.0454206 0.0813023
-0.335033 -0.529958 0.55017 -0.00079119 -0.99696 -0.0779122 0.999669 -0.00279261 0.0255826 -0.0257224 -0.0778661 0.996632 0.613554 0.0496005 0.104624
0.308767 -0.824625 0.123034 0.994514 -0.00433253 -0.10451 0.00348165 0.999959 -0.00832269 0.104542 0.00791317 0.994489 0.0559226 0.0435722 0.806586
-0.296377 -0.828331 0.107252 0.10449 0.000900593 -0.994526 -0.0860035 0.996262 -0.00813378 0.9908 0.0863826 0.104176 0.777019 0.0344646 0.0568094
0.0058375 -0.831295 -0.292823 1 0 0 0 1 0 0 0 1 0.582007 0.025174 0.082196
C 7
0 1
1 2
1 3
2 4
3 5
4 6
5 6
S 2
2
2 0.347037 -0.525744 0.556952
3 -0.335033 -0.529958 0.55017
2
0.00600237 -0.527851 0.553561
-0.999931 -0.00617832 -0.00994169
2
4 0.308767 -0.824625 0.123034
5 -0.296377 -0.828331 0.107252
2
0.00619504 -0.826478 0.115143
-0.999641 -0.0061216 -0.0260696
L 7
0
1
2
2
2
2
2