N 18
-0.00286555 0.346961 -0.296941 0.999894 -0.0117148 -0.00861065 0.0117148 0.298416 0.954364 -0.00861065 -0.954364 0.298522 0.814937 0.0978877 0.696078
0.0011545 -0.411905 0.055215 1 0 0 0 1 0 0 0 1 0.076819 0.877303 0.076818
-0.247856 -0.0150552 -0.146683 6.94764e-05 0.00131888 -0.999999 0.105065 0.994465 0.00131888 0.994465 -0.105065 -6.94764e-05 0.0314889 0.0399462 0.410764
-0.240152 0.00270734 0.317173 0.00164043 0.0460495 -0.998938 0.0711183 0.996404 0.0460495 0.997467 -0.0711183 -0.00164043 0.0364173 0.0367731 0.403928
0.191256 -0.01731 -0.147095 0.996763 0.0802376 0.00506749 -0.0802376 0.98883 0.125607 0.00506749 -0.125607 0.992067 0.51013 0.0447166 0.0343459
0.191629 0.000983993 0.317487 0.998319 0.0579207 -0.00190377 -0.0579207 0.996163 -0.0656108 -0.00190377 0.0656108 0.997843 0.483779 0.0383536 0.0352184
-0.0042795 0.0324515 0.174332 1 0 0 0 1 0 0 0 1 0.878857 0.110947 0.781852
-0.464093 0.207795 0.0743192 0.158099 -0.98733 0.013594 0.98733 0.157879 -0.0159422 0.013594 0.0159422 0.999781 0.422191 0.13357 0.501101
-0.448621 0.198145 0.295138 0.870217 0.0715092 -0.487451 0.481036 0.0903995 0.872028 0.106423 -0.993335 0.0442686 0.0623246 0.0455018 0.394295
0.451914 0.203874 0.0896949 -0.182538 -0.982968 -0.0213008 0.982968 -0.182922 0.017706 -0.0213008 -0.017706 0.999616 0.422451 0.132122 0.490948
0.447577 0.199765 -0.13082 1 0 0 0 1 0 0 0 1 0.063227 0.408783 0.067309
-0.491475 0.391577 0.067928 0.985705 -0.0638607 -0.155911 0.0620623 0.997938 -0.0163804 0.156635 0.00647 0.987635 0.0975611 0.0366383 0.454307
0.482724 0.393725 0.0713694 0.156554 -0.00576767 -0.987653 -0.0413578 0.999068 -0.01239 0.986803 0.0427868 0.156169 0.445022 0.0346049 0.09936
0.161338 -0.816037 -0.14981 0.010745 0.999848 -0.0137528 0.788011 -4.85044e-08 0.615661 0.615568 -0.0174526 -0.787891 0.0771003 0.028917 0.463945
0.245645 -0.816037 0.144202 0.0164008 0.999848 0.00596924 -0.342019 1.43576e-07 0.939693 0.93955 -0.0174533 0.341967 0.0771003 0.0289172 0.463946
-0.00791814 -0.820069 0.315027 0.00121571 -0.999391 -0.0348782 0.999391 -2.25962e-06 0.0348994 -0.0348782 -0.0348994 0.998782 0.0770651 0.0289168 0.465079
-0.248745 -0.820069 0.126872 0.960676 0.0348997 -0.275469 0.275637 -2.6339e-07 0.961262 0.0335477 -0.999391 -0.00961991 0.46508 0.0289171 0.0770651
-0.144337 -0.816037 -0.160485 0.00975936 -0.999848 0.0144688 0.829037 -5.12192e-10 -0.559193 0.559108 0.0174526 0.828911 0.0771003 0.0289167 0.463946
C 51
0 2
0 7
0 10
0 11
0 4
0 12
0 1
0 6
0 9
1 3
1 17
1 15
1 6
1 2
1 16
1 14
1 5
1 13
1 4
2 6
2 7
2 4
3 7
3 6
3 5
3 8
4 9
4 10
4 6
5 9
5 6
6 9
6 7
6 10
6 8
7 11
7 8
8 11
9 10
9 12
10 12
13 17
13 16
13 15
13 14
14 17
14 15
14 16
15 16
15 17
16 17
S 5
2
2 -0.247856 -0.0150552 -0.146683
4 0.191256 -0.01731 -0.147095
2
-0.0282999 -0.0161826 -0.146889
0.999986 -0.00513485 -0.000937254
2
3 -0.240152 0.00270734 0.317173
5 0.191629 0.000983993 0.317487
2
-0.0242616 0.00184567 0.31733
0.999992 -0.00399122 0.000726534
2
7 -0.464093 0.207795 0.0743192
9 0.451914 0.203874 0.0896949
2
-0.00608943 0.205834 0.0820071
0.99985 -0.00428004 0.0167831
2
11 -0.491475 0.391577 0.067928
12 0.482724 0.393725 0.0713694
2
-0.00437551 0.392651 0.0696487
0.999991 0.00220478 0.00353253
5
15 -0.00791814 -0.820069 0.315027
14 0.245645 -0.816037 0.144202
13 0.161338 -0.816037 -0.14981
17 -0.144337 -0.816037 -0.160485
16 -0.248745 -0.820069 0.126872
3
0.00119662 -0.81765 0.0551612
0.00617537 -0.99995 -0.00790438
L 18
0
2
3
3
3
3
1
3
3
3
3
3
3
2
2
2
2
2