N 18
0.00619331 0.307543 -0.282873 0.999997 -0.00207879 -0.0015187 0.00207879 0.304008 0.952667 -0.0015187 -0.952667 0.304011 0.638397 0.197374 1.14363
0.00549277 -0.162624 0.256252 0.999998 -0.00211012 0.000213939 0.00211012 0.979648 -0.200711 0.000213939 0.200711 0.979651 0.743031 0.136774 0.719453
-0.325395 0.296013 -0.303802 0.0234639 0.951251 -0.307525 0.999707 -0.0241645 0.00153006 -0.00597573 -0.307471 -0.951539 1.13862 0.0558928 0.186862
0.335737 0.286452 -0.299218 -0.0191272 0.94714 -0.320249 0.999798 0.0161161 -0.0120502 -0.00625208 -0.320415 -0.947257 1.15715 0.0603471 0.185858
0.452091 0.126564 0.142115 0.999988 -0.00493644 -5.77919e-05 0.00493644 0.999714 0.0234111 -5.77919e-05 -0.0234111 0.999726 0.0849614 0.0761143 0.641061
-0.441277 0.12957 0.141284 -7.94403e-05 0.0389465 -0.999241 -0.00407789 0.999233 0.0389465 0.999992 0.00407789 7.94403e-05 0.638133 0.0702239 0.0849219
0.452585 -0.0114316 0.496468 -0.0204283 0.968886 -0.246661 0.041077 0.247318 0.968063 0.998947 0.00964381 -0.0448512 0.277631 0.0830103 0.0902436
-0.440844 -0.00141728 0.496815 0.999381 -0.0281992 -0.0210291 0.0281992 0.284852 0.958157 -0.0210291 -0.958157 0.285471 0.0893337 0.0766745 0.266736
0.005428 -0.219398 0.528471 1 0 0 0 0.0658787 0.997828 0 -0.997828 0.0658787 0.809482 0.0309919 0.114668
0.0054285 0.0158045 -0.235262 -1.05747e-08 0.911457 -0.411395 -1.63749e-08 0.411395 0.911457 1 1.63749e-08 1.05747e-08 0.0694661 0.0349877 0.547811
-0.27652 0.252236 -0.305861 0.0232444 0.951601 -0.306457 0.999719 -0.0235737 0.00262713 -0.00472435 -0.306432 -0.951881 1.01319 0.033405 0.155383
0.0054285 0.637445 -0.441255 1 3.89353e-08 4.18685e-08 -3.89353e-08 -0.0725046 0.997368 4.18685e-08 -0.997368 -0.0725046 0.516165 0.0350472 0.0694942
0.287203 0.24744 -0.305074 -0.0216293 0.948593 -0.315759 0.999766 0.0203819 -0.00725277 -0.000444158 -0.315842 -0.948812 1.02229 0.0349704 0.150664
-0.441328 -0.396857 0.516339 1 0 0 0 1 0 0 0 1 0.085304 0.573753 0.102402
0.452164 -0.404093 0.526898 1 0 0 0 1 0 0 0 1 0.085322 0.553885 0.080969
0.452118 -0.660235 0.010746 1 0 0 0 1 0 0 0 1 0.08521 0.075815 0.977398
-0.441307 -0.662715 0.0081345 1 0 0 0 1 0 0 0 1 0.085182 0.070831 0.970433
0.005428 -0.654588 -0.320226 1 0 0 0 1 0 0 0 1 0.809482 0.06873 0.084003
C 51
0 10
0 3
0 11
0 4
0 12
0 5
0 1
0 9
0 2
1 3
1 6
1 2
1 14
1 5
1 10
1 13
1 4
1 9
1 12
1 8
1 7
2 5
2 9
2 10
2 11
3 11
3 9
3 12
3 4
4 12
4 9
4 14
4 6
5 9
5 13
5 10
5 7
6 14
6 8
7 8
7 13
8 13
8 14
9 10
9 12
10 11
11 12
13 16
14 15
15 17
16 17
S 5
2
2 -0.325395 0.296013 -0.303802
3 0.335737 0.286452 -0.299218
2
0.00517085 0.291232 -0.30151
0.999871 -0.0144601 0.00693283
2
4 0.452091 0.126564 0.142115
5 -0.441277 0.12957 0.141284
2
0.0054069 0.128067 0.1417
-0.999994 0.00336506 -0.000930435
2
6 0.452585 -0.0114316 0.496468
7 -0.440844 -0.00141728 0.496815
2
0.00587037 -0.00642444 0.496642
-0.999937 0.0112082 0.000389089
2
13 -0.441328 -0.396857 0.516339
14 0.452164 -0.404093 0.526898
2
0.005418 -0.400475 0.521618
0.999897 -0.00809885 0.0118159
2
15 0.452118 -0.660235 0.010746
16 -0.441307 -0.662715 0.0081345
2
0.0054055 -0.661475 0.00944025
-0.999992 -0.00277581 -0.002923
L 18
0
1
0
0
3
3
3
3
2
0
0
0
0
2
2
2
2
2