N 8
-0.000198157 0.228794 -0.151353 -0.00484947 0.952128 -0.30566 -0.00664993 0.305626 0.952128 0.999966 0.00664993 0.00484947 1.21152 0.662114 0.856712
0.386513 -0.0210846 0.160657 -0.0143484 -0.999877 0.00636425 0.993902 -0.014958 -0.109247 0.109329 0.00475792 0.993994 0.809369 0.178927 1.01711
-0.37445 -0.00339695 0.117269 0.0845116 0.0326432 -0.995888 0.996331 0.0108112 0.0849035 0.0135383 -0.999409 -0.0316098 1.1021 0.208928 0.859343
0.016054 -0.185752 0.20385 1 0 0 0 1 0 0 0 1 0.831756 0.475286 0.910357
0.355189 -0.440252 0.522637 -0.62932 3.46607e-08 -0.777146 1.80099e-07 1 -1.01242e-07 0.777146 -2.03677e-07 -0.62932 0.0603408 0.040449 0.060341
0.35519 -0.440252 -0.1779 0.994522 -1.84759e-08 -0.104528 1.80099e-07 1 1.53678e-06 0.104528 -1.54718e-06 0.994522 0.0603406 0.0404491 0.0603417
-0.351855 -0.440252 -0.177901 0.913545 2.42569e-07 -0.406737 4.18692e-07 1 1.53678e-06 0.406737 -1.57421e-06 0.913545 0.0603414 0.0404491 0.0603415
-0.351855 -0.440252 0.522637 -0.62932 1.84812e-07 -0.777146 4.18692e-07 1 -1.01242e-07 0.777146 -3.89098e-07 -0.62932 0.0603409 0.040449 0.060341
C 17
0 1
0 7
0 6
0 5
0 4
0 3
0 2
1 3
1 4
1 5
2 7
2 6
2 3
3 6
3 7
3 4
3 5
S 2
2
1 0.386513 -0.0210846 0.160657
2 -0.37445 -0.00339695 0.117269
2
0.00603118 -0.0122408 0.138963
-0.99811 0.0231999 -0.0569092
2
4 0.355189 -0.440252 0.522637
7 -0.351855 -0.440252 0.522637
2
0.0016675 -0.440252 0.522637
-1 1.06824e-09 -1.57023e-16
L 8
0
3
3
1
2
2
2
2