N 17
0.0369065 0.37109 -0.199372 0.999999 -0.00119576 -0.00104273 0.00119576 0.136088 0.990696 -0.00104273 -0.990696 0.136089 0.633877 0.0674895 1.09105
0.385995 0.0393411 0.0960993 0.199693 -0.855969 -0.476906 0.979858 0.174932 0.0963167 0.000982007 -0.486534 0.873661 0.132649 0.10463 0.537221
-0.38293 0.0301462 0.103105 0.00525281 0.504168 -0.86359 0.963155 -0.234774 -0.131204 -0.268897 -0.831081 -0.486825 0.556798 0.121187 0.13987
-0.0023535 -0.50378 0.177959 1 0 0 0 1 0 0 0 1 0.335647 0.522825 0.335985
0.302736 0.380031 -0.189247 0.999175 0.0178326 -0.0364741 0.0341661 0.115996 0.992662 0.0219326 -0.99309 0.115291 0.153776 0.073344 1.09411
-0.287967 0.381921 -0.191278 0.00146101 0.993935 -0.109955 0.00163154 0.109953 0.993935 0.999998 -0.00163154 -0.00146101 1.08874 0.0628082 0.144293
-0.187317 -0.728909 0.0383923 -0.799226 -0.0185662 -0.600743 -0.597481 0.133011 0.790775 0.0652237 0.990941 -0.117399 0.355157 0.0680777 0.0825379
0.0723301 -0.738448 -0.0288162 0.319139 -0.0989739 -0.942526 0.871343 -0.36048 0.33289 -0.372709 -0.927501 -0.0288029 0.383093 0.0823064 0.0909533
0.237702 -0.725132 0.177703 1 0 0 0 1 0 0 0 1 0.34255 0.08012 0.05058
0.0695525 -0.732155 0.398116 -0.108896 -0.994021 -0.0079985 0.943071 -0.100764 -0.31696 0.314259 -0.0420589 0.948405 0.0858214 0.0630181 0.359286
-0.189149 -0.725372 0.316713 -0.0224247 0.999416 -0.0257759 0.584938 0.0340248 0.810364 0.810768 0.00309484 -0.58536 0.0812495 0.058857 0.352214
-0.005598 -0.134112 0.160892 1 0 0 0 1 0 0 0 1 0.739848 0.067305 0.587274
-0.292564 -0.802629 0.390987 0.833221 -0.00998302 -0.552851 0.552939 0.0128418 0.833122 -0.00121748 -0.999868 0.0162201 0.0809058 0.0349904 0.0780452
0.112657 -0.802602 -0.166354 -0.0535442 0.998554 0.00477262 0.959502 0.0501253 0.277205 0.276565 0.0194221 -0.960799 0.0790939 0.0365085 0.0810926
-0.29256 -0.802629 -0.0348915 -0.0109489 0.99957 0.0272093 -0.581922 -0.0284979 0.812745 0.813171 -0.00693501 0.581984 0.0785204 0.0335685 0.0797355
0.368038 -0.802654 0.178004 1 0 0 0 1 0 0 0 1 0.079195 0.07767 0.031068
0.1122 -0.802506 0.522225 -0.253608 0.00527284 -0.967293 0.967053 -0.0215366 -0.253662 -0.0221697 -0.999754 0.000362729 0.0808554 0.0357127 0.078567
C 42
0 3
0 11
0 4
0 5
0 1
0 2
1 3
1 11
1 4
2 5
2 3
2 11
3 15
3 11
3 7
3 14
3 10
3 6
3 16
3 13
3 9
3 5
3 12
3 8
3 4
4 11
5 11
6 9
6 14
6 7
6 10
6 8
7 10
7 8
7 9
7 13
8 9
8 10
8 15
9 10
9 16
10 12
S 4
2
1 0.385995 0.0393411 0.0960993
2 -0.38293 0.0301462 0.103105
2
0.00153225 0.0347437 0.099602
-0.999887 -0.0119567 0.00910963
2
4 0.302736 0.380031 -0.189247
5 -0.287967 0.381921 -0.191278
2
0.00738421 0.380976 -0.190262
-0.999989 0.00319905 -0.00343805
5
8 0.237702 -0.725132 0.177703
7 0.0723301 -0.738448 -0.0288162
6 -0.187317 -0.728909 0.0383923
10 -0.189149 -0.725372 0.316713
9 0.0695525 -0.732155 0.398116
3
0.000623563 -0.730003 0.180422
-0.00628622 -0.99988 0.0141287
5
15 0.368038 -0.802654 0.178004
16 0.1122 -0.802506 0.522225
12 -0.292564 -0.802629 0.390987
14 -0.29256 -0.802629 -0.0348915
13 0.112657 -0.802602 -0.166354
3
0.00155422 -0.802604 0.177994
0.000105055 -1 0.000641071
L 17
0
3
3
2
0
0
2
2
2
2
2
1
2
2
2
2
2