N 9
0.00650471 0.517523 -0.494009 0.00029056 -0.366576 -0.930388 -0.00153009 0.930387 -0.366576 0.999999 0.00153009 -0.00029056 0.11972 0.0447379 0.9999
0.0057175 0.26325 -0.37647 -0.00257342 0.946119 -0.32381 -0.0036007 0.3238 0.946119 0.99999 0.0036007 0.00257342 0.587461 0.141544 1.03563
0.585869 -0.278007 -0.365003 -0.101706 0.898369 0.427304 0.101806 -0.417877 0.902782 0.989592 0.13532 -0.0489583 0.667157 0.0405842 0.0706607
0.57848 -0.32151 0.585872 -0.119231 0.992851 -0.0054827 -0.119031 -0.00881162 0.992851 0.985706 0.119031 0.119231 0.516915 0.0311326 0.0417751
-0.581444 -0.274369 -0.369145 -0.987998 0.153278 -0.0191395 -0.0830958 -0.422946 0.902337 0.130213 0.893097 0.430606 0.0697324 0.0310227 0.667072
-0.563334 -0.320038 0.587326 0.0779257 0.996952 0.00378396 -0.57628 0.0419465 0.816175 0.813528 -0.0657816 0.577793 0.519451 0.0268958 0.0380104
-0.025807 -0.273043 0.050584 1 0 0 0 1 0 0 0 1 1.17778 0.633879 1.10085
-0.595012 -0.573566 0.0457435 1 0 0 0 1 0 0 0 1 0.045813 0.04098 1.09809
0.612838 -0.579116 0.043057 1 0 0 0 1 0 0 0 1 0.035957 0.029866 1.09444
C 14
0 1
1 2
1 4
1 6
2 6
2 8
3 8
3 6
4 7
4 6
5 6
5 7
6 7
6 8
S 2
2
2 0.585869 -0.278007 -0.365003
4 -0.581444 -0.274369 -0.369145
2
0.0022127 -0.276188 -0.367074
-0.999989 0.0031169 -0.00354859
2
7 -0.595012 -0.573566 0.0457435
8 0.612838 -0.579116 0.043057
2
0.008913 -0.576341 0.0444003
0.999987 -0.00459489 -0.00222417
L 9
0
0
2
2
2
2
1
2
2