N 8
-0.0038055 0.496633 -0.270533 1 0 0 0 1 0 0 0 1 0.649739 0.251286 0.045422
-0.0038065 0.0332475 0.03499 1 0 0 0 1 0 0 0 1 0.816161 0.296749 0.817856
-0.261349 0.277993 -0.276947 0.00371235 -0.997642 -0.0685298 0.999864 0.00260271 0.0162743 -0.0160576 -0.0685809 0.997516 0.195213 0.0408882 0.0408231
0.251164 0.281331 -0.270219 1 0 0 0 1 0 0 0 1 0.051652 0.204973 0.043125
0.35013 -0.393153 -0.2933 -0.0815244 -0.227614 -0.970333 0.996246 -0.0470633 -0.0726618 -0.0291282 -0.972613 0.230597 0.217994 0.120741 0.712855
-0.360974 -0.387464 -0.297184 0.0424351 -0.222421 -0.974027 0.998941 0.0268122 0.0373979 0.0177977 -0.974582 0.223323 0.214211 0.108496 0.724722
0.350718 -0.39064 0.425387 0.0210488 0.975661 -0.21827 0.997508 -0.0351996 -0.0611471 -0.0673419 -0.216439 -0.973971 0.709359 0.114709 0.211789
-0.361927 -0.386235 0.424655 -0.00130357 0.976815 -0.214081 0.99998 -4.96665e-05 -0.00631563 -0.00617984 -0.214085 -0.976795 0.724882 0.0987546 0.213362
C 11
0 1
0 3
0 2
1 2
1 3
1 4
1 5
1 6
1 7
2 5
3 4
S 3
2
2 -0.261349 0.277993 -0.276947
3 0.251164 0.281331 -0.270219
2
-0.00509228 0.279662 -0.273583
0.999893 0.00651182 0.0131271
2
4 0.35013 -0.393153 -0.2933
5 -0.360974 -0.387464 -0.297184
2
-0.00542223 -0.390309 -0.295242
-0.999953 0.00799941 -0.00546133
2
6 0.350718 -0.39064 0.425387
7 -0.361927 -0.386235 0.424655
2
-0.00560473 -0.388438 0.425021
-0.99998 0.00618092 -0.00102763
L 8
0
1
0
0
2
2
2
2