N 3
-0.00418482 0.466649 -0.275623 0.999996 0.00192504 0.00186168 -0.00192504 0.0334556 0.999438 0.00186168 -0.999438 0.0334592 0.963841 0.0721489 0.748115
-0.00387819 -0.299497 0.185609 -0.00072967 -0.398684 -0.917088 0.00350864 0.917082 -0.398684 0.999994 -0.00350864 0.00072967 0.630021 0.43776 0.965207
-0.00133209 -0.138109 0.0224536 -0.00158711 0.251949 -0.967739 -0.012395 0.967661 0.251949 0.999922 0.012395 0.00158711 0.655958 0.497841 0.96482
C 2
0 2
1 2
S 0
L 3
0
2
1