N 18
-0.003246 -0.0507955 0.120024 1 0 0 0 1 0 0 0 1 0.749402 0.061349 0.767361
0.227543 0.361803 -0.237837 0.091791 0.968702 -0.230631 0.990266 -0.0644635 0.123364 0.104636 -0.239709 -0.96519 0.811744 0.0246224 0.0263152
0.17024 0.377587 -0.251959 -0.0697573 -0.980948 0.181314 0.959272 -0.115837 -0.25764 0.273735 0.155958 0.949077 0.840165 0.0248139 0.038965
0.110762 0.386881 -0.259909 -0.181274 -0.171445 -0.968373 0.982659 -0.0706218 -0.171445 -0.0389949 -0.982659 0.181274 0.0261095 0.0247212 0.854605
-0.239128 0.36194 -0.237311 -0.0906352 0.971257 -0.220101 0.989911 0.0636929 -0.126571 -0.108915 -0.229352 -0.967231 0.81168 0.0246119 0.0247491
-0.181518 0.377411 -0.253226 0.872704 -0.0456973 -0.486107 0.484202 0.208937 0.849643 0.0627395 -0.976861 0.204467 0.0248143 0.0248143 0.839968
-0.122698 0.386504 -0.261711 -0.302041 -0.202881 -0.931456 0.952393 -0.0217191 -0.304099 0.0414656 -0.978962 0.199783 0.0292218 0.0247791 0.85466
-0.003246 -0.0507955 -0.296676 1 0 0 0 1 0 0 0 1 0.183238 0.061349 0.088216
-0.313133 -0.472101 0.143011 -0.994522 -3.08181e-06 -0.104528 -3.07042e-06 1 -2.6991e-07 0.104528 5.25143e-08 -0.994522 0.0535647 0.053173 0.573402
-0.0030515 -0.472084 0.146938 1 -1.80544e-13 -1.80558e-13 1.80544e-13 -7.53714e-05 1 -1.80558e-13 -1 -7.53714e-05 0.616101 0.053174 0.053174
0.306579 -0.472102 0.143011 0.994522 1.76016e-06 -0.104528 -1.75476e-06 1 1.43605e-07 0.104528 4.06041e-08 0.994522 0.0535647 0.053173 0.573402
-0.14289 0.352813 -0.306433 0.525243 0.107716 -0.844108 0.813067 0.229161 0.535171 0.251083 -0.96741 0.0327847 0.031034 0.0247795 0.833232
0.130056 0.352982 -0.308774 -0.374499 0.0272252 -0.926828 0.897008 -0.242472 -0.369572 -0.234791 -0.969776 0.0663842 0.0372999 0.0246095 0.833253
-0.279965 -0.429386 -0.170664 -0.773305 0.16996 -0.61083 -0.618575 0.00920555 0.785672 0.139156 0.985408 0.0980146 0.0772383 0.0764848 0.772498
0.273554 -0.429507 -0.170776 0.777842 0.179208 -0.602367 0.61118 0.00750826 0.791456 0.146358 -0.983783 -0.103688 0.0764006 0.0764005 0.772518
0.324697 -0.433385 0.4515 -0.716947 -0.222625 -0.660625 -0.680187 0.0157498 0.732869 -0.15275 0.974777 -0.162718 0.0772578 0.0768277 0.774382
-0.331531 -0.433372 0.451745 0.740128 -0.237042 -0.629303 0.652117 0.0245236 0.757722 -0.164179 -0.97119 0.172729 0.0776587 0.0766019 0.774703
-0.00397889 0.394066 -0.223165 1 1.3173e-06 9.91847e-07 -1.3173e-06 0.276392 0.961045 9.91847e-07 -0.961045 0.276392 0.760054 0.0396761 0.907389
C 77
0 14
0 7
0 16
0 3
0 15
0 17
0 11
0 4
0 12
0 5
0 1
0 13
0 6
0 2
1 3
1 17
1 11
1 2
1 14
1 12
1 7
2 12
2 6
2 3
2 14
2 17
2 7
2 11
3 11
3 7
3 17
3 14
3 6
3 5
3 12
4 7
4 12
4 13
4 5
4 11
4 6
4 17
5 6
5 13
5 12
5 11
5 17
5 7
6 17
6 7
6 11
6 12
6 13
7 12
7 11
7 14
7 13
7 17
8 13
8 9
8 16
9 15
9 14
9 10
9 16
9 13
10 15
10 14
11 14
11 13
11 12
11 17
12 13
12 17
12 14
13 17
14 17
S 5
2
4 -0.239128 0.36194 -0.237311
1 0.227543 0.361803 -0.237837
2
-0.00579268 0.361872 -0.237574
0.999999 -0.000292845 -0.00112694
2
8 -0.313133 -0.472101 0.143011
10 0.306579 -0.472102 0.143011
2
-0.003277 -0.472101 0.143011
1 -4.39049e-10 -8.38739e-08
2
11 -0.14289 0.352813 -0.306433
12 0.130056 0.352982 -0.308774
2
-0.00641698 0.352898 -0.307603
0.999963 0.000619107 -0.00857661
2
13 -0.279965 -0.429386 -0.170664
14 0.273554 -0.429507 -0.170776
2
-0.00320561 -0.429446 -0.17072
1 -0.000217178 -0.000201224
2
15 0.324697 -0.433385 0.4515
16 -0.331531 -0.433372 0.451745
2
-0.00341704 -0.433378 0.451623
-1 1.929e-05 0.000373214
L 18
1
0
0
0
0
0
0
0
2
2
2
0
0
2
2
2
2
0