N 19
-0.00524008 -0.0532737 -0.325934 0.999999 -0.000765624 -0.000697314 0.000765624 0.0931842 0.995649 -0.000697314 -0.995649 0.0931848 0.530787 0.0341112 0.0804933
-0.0063415 0.615337 -0.426851 1 0 0 0 1 0 0 0 1 0.644025 0.06453 0.038815
-0.00609547 -0.155164 0.130224 0.999999 -0.00109656 7.95299e-07 0.00109656 0.999998 -0.00145054 7.95299e-07 0.00145054 0.999999 0.645161 0.0931814 0.923631
-0.18847 0.281642 -0.369513 1 0 0 -0 0.149536 0.988756 0 -0.988756 0.149536 0.059284 0.0139165 0.654085
-0.068398 0.281642 -0.369513 1 0 0 0 0.149536 0.988756 0 -0.988756 0.149536 0.058046 0.0139165 0.654085
0.0488175 0.281642 -0.369513 1 0 0 0 0.149536 0.988756 0 -0.988756 0.149536 0.058387 0.0139165 0.654085
0.165308 0.281642 -0.369513 1 0 0 0 0.149536 0.988756 0 -0.988756 0.149536 0.057861 0.0139165 0.654085
0.293894 0.08797 0.558145 1 0 0 0 1 0 0 0 1 0.045122 0.431766 0.045739
-0.306183 0.065715 0.564017 1 0 0 0 1 0 0 0 1 0.044917 0.409488 0.055832
0.296044 0.287632 0.171638 1 0 0 0 1 0 0 0 1 0.055667 0.055666 1.10489
-0.309412 0.257377 0.178417 1 0 0 0 1 0 0 0 1 0.04175 0.055667 1.10489
0.280594 -0.0972211 -0.317055 -0.178918 0.973575 -0.141915 -0.0263149 0.139456 0.989879 0.983512 0.180842 0.000668317 0.063069 0.0372336 0.0837106
-0.29239 -0.106596 -0.316732 0.999541 0.0221023 0.0207049 -0.0221023 0.0649745 0.997642 0.0207049 -0.997642 0.0654332 0.0742478 0.0408387 0.0929316
0.294304 -0.464561 -0.298283 0.0172155 -0.999605 -0.0221975 0.999369 0.0178929 -0.0306898 0.0310749 -0.0216552 0.999282 0.611291 0.054125 0.0774346
0.295704 -0.468383 0.561706 1 0 0 0 1 0 0 0 1 0.041087 0.603468 0.041618
-0.299438 -0.465668 0.567089 1 0 0 0 1 0 0 0 1 0.058404 0.609166 0.049644
-0.307767 -0.468748 -0.296836 1 0 0 0 1 0 0 0 1 0.041752 0.602646 0.067479
0.280437 0.258766 -0.373449 -0.00958108 0.987376 -0.158105 -0.0725545 0.157009 0.984928 0.997318 0.0209079 0.0701342 0.705811 0.0394998 0.0790792
-0.296429 0.254011 -0.372506 -0.0271513 0.988633 -0.14788 -0.0315011 0.147015 0.988633 0.999135 0.0315011 0.0271513 0.69136 0.0337846 0.0820232
C 65
0 2
0 16
0 10
0 3
0 17
0 11
0 4
0 18
0 12
0 5
0 13
0 6
1 3
1 17
1 6
1 5
1 4
1 18
2 18
2 8
2 12
2 5
2 13
2 16
2 6
2 3
2 14
2 17
2 7
2 11
2 15
2 4
3 10
3 16
3 5
3 12
3 18
3 4
4 18
4 12
4 10
4 5
4 16
4 6
5 9
5 6
5 13
5 11
5 17
6 9
6 17
6 11
6 13
7 14
7 9
8 10
8 15
9 17
10 18
11 13
11 17
12 16
12 18
13 17
16 18
S 8
2
0 -0.00524008 -0.0532737 -0.325934
1 -0.0063415 0.615337 -0.426851
2
-0.00579079 0.281032 -0.376392
-0.00162888 0.988799 -0.149245
4
3 -0.18847 0.281642 -0.369513
4 -0.068398 0.281642 -0.369513
5 0.0488175 0.281642 -0.369513
6 0.165308 0.281642 -0.369513
1
0 0 0
0 0 0
2
7 0.293894 0.08797 0.558145
8 -0.306183 0.065715 0.564017
2
-0.00614425 0.0768425 0.561081
-0.999265 -0.0370597 0.00977906
2
9 0.296044 0.287632 0.171638
10 -0.309412 0.257377 0.178417
2
-0.00668375 0.272505 0.175028
-0.998691 -0.0499043 0.0111819
2
11 0.280594 -0.0972211 -0.317055
12 -0.29239 -0.106596 -0.316732
2
-0.00589803 -0.101909 -0.316893
-0.999866 -0.0163601 0.00056352
2
13 0.294304 -0.464561 -0.298283
16 -0.307767 -0.468748 -0.296836
2
-0.00673134 -0.466655 -0.297559
-0.999973 -0.00695345 0.00240332
2
14 0.295704 -0.468383 0.561706
15 -0.299438 -0.465668 0.567089
2
-0.00186725 -0.467025 0.564397
-0.999949 0.00456171 0.00904444
2
17 0.280437 0.258766 -0.373449
18 -0.296429 0.254011 -0.372506
2
-0.00799609 0.256388 -0.372977
-0.999965 -0.0082432 0.00163404
L 19
0
0
1
0
0
0
0
3
3
3
3
0
0
2
2
2
2
0
0