N 11
-0.0130812 0.593357 -0.164036 0.998629 0.00122814 -0.0523361 -0.00124313 0.999999 -0.000253826 0.0523358 0.000318538 0.998629 0.912878 0.105267 0.251962
0.0158125 -0.123344 0.0775325 1 0 0 0 1 0 0 0 1 0.699073 0.087385 0.793799
0.275539 0.269884 -0.18678 1 0 0 0 1 0 0 0 1 0.069674 0.699073 0.069674
0.152973 0.269884 -0.228579 1 0 0 0 1 0 0 0 1 0.069607 0.699073 0.069607
0.01543 0.269884 -0.247803 1 0 0 0 1 0 0 0 1 0.069606 0.699073 0.069606
-0.117044 0.269884 -0.230152 1 0 0 0 1 0 0 0 1 0.069607 0.699073 0.069607
-0.234464 0.269884 -0.191886 1 0 0 0 1 0 0 0 1 0.069906 0.699073 0.069906
-0.298669 -0.516267 -0.18621 0.996875 -0.0227562 -0.0756455 0.0750286 -0.0268427 0.99682 -0.0247144 -0.999381 -0.0250515 0.0696885 0.0696847 0.701352
0.313074 -0.516269 -0.186214 0.99689 -0.0226069 -0.0754927 0.0748796 -0.0268393 0.996831 -0.0245614 -0.999384 -0.0250631 0.0696906 0.0696855 0.701347
0.313068 -0.516269 0.421983 0.996888 -0.0226236 -0.0755098 0.0748963 -0.0268394 0.99683 -0.0245785 -0.999384 -0.0250615 0.0696905 0.0696854 0.701348
-0.298675 -0.516266 0.421987 0.996873 -0.022773 -0.0756627 0.0750453 -0.0268428 0.996819 -0.0247316 -0.99938 -0.0250499 0.0696884 0.0696846 0.701353
C 25
0 2
0 3
0 4
0 5
0 6
1 3
1 6
1 2
1 5
1 10
1 4
1 9
1 8
1 7
2 8
2 3
2 4
3 5
3 8
3 4
4 5
4 6
5 6
5 7
6 7
S 4
2
6 -0.234464 0.269884 -0.191886
2 0.275539 0.269884 -0.18678
2
0.0205375 0.269884 -0.189333
0.99995 0 0.0100112
2
5 -0.117044 0.269884 -0.230152
3 0.152973 0.269884 -0.228579
2
0.017964 0.269884 -0.229365
0.999983 0 0.00582546
2
7 -0.298669 -0.516267 -0.18621
8 0.313074 -0.516269 -0.186214
2
0.00720259 -0.516268 -0.186212
1 -3.41647e-06 -6.72675e-06
2
9 0.313068 -0.516269 0.421983
10 -0.298675 -0.516266 0.421987
2
0.00719667 -0.516267 0.421985
-1 3.42094e-06 6.73285e-06
L 11
0
1
0
0
0
0
0
2
2
2
2